100
20
1: 16 15 20 18 9 7 14
2: 16 15 17 12 9 14 11 13 20 18 7
3: 2 16 3 10 4
4: 2 13 12 10 18
5: 6 18 12 15 17 19 14
6: 16 6 11 20 15 19 13 12 3 18 14 1
7: 6 8 10 14 15 18 2 11
8: 12 11 19 13 3
9: 8 18 17 2 20 19
10: 8 6 13 17 1 3 5 18 9 7 11
11: 5 19 10 16 17
12: 6 8 17 10 14 15 20 12 11 7 16 9 5 4 2
13: 15 1 16 3 2 12 19 17 10 13 11 8 18 9
14: 14 17 1 8 16 9 18 20
15: 12 16 18 9 10 13 11
16: 11 10 9 16 6 4 20 18 7 2 13 5 19 12 3
17: 10 18 11 19 13 8 15
18: 17 19 15 6 14 18 8 12 5 9 10 3 13
19: 15 14 9 11 18 20 19 16 12
20: 12 15 8 19 13 18 5 17 16 6
21: 12 20 13 5 4 11 2 8 14 10 3 7 18 6 16
22: 2 6 5 8 10 14 15 16 7 1 12 4 19 13 9
23: 3 18 16 13 20 1 19 2 4 9 11 15
24: 6 19 7 9 15 10 18 8 17 16 14 12 13
25: 6 17 16 3 12 11 15 5 14 1 13 20 18 9
26: 3 16 20 7 19 5 9 18 10 11
27: 13 10 5 12 11 14 17 19 16 18 9 2 6 4 1
28: 7 18 16 17 11 5 6 2 19
29: 10 13 9 20 19 17 14 3 18 6 4 5
30: 15 18 6 13 19 2
31: 16 15 8 12 2 5 19 1 9 10 20 7
32: 8 3 16 7 17 10 6
33: 20 14 1 5 15 16 12 11 7 4 17 19
34: 6 4 16 12 18 20 9 5 2 19 14
35: 15 12 18 7 11 17 10 16 14 20 13 8 1 19 3
36: 9 17 18 14 12 6
37: 11 19 13 15 17 7 16 2 5 14 10 18
38: 10 20 17 6 14 2 18 3 15 9 16 19 11
39: 9 17 1 14 19 6 16 4 7 12 20 11 10
40: 11 16 7 12 20 15 13 14 10 9 3
41: 20 16 12 9 14
42: 11 18 8 20 6 19 16 17 14 12
43: 6 13 7 5 15 18 10 20 1 19 12 8
44: 19 17 7 13 18 8 6 15 20 14 10 12 9 16 4
45: 6 14 18 11 19 8 12 17
46: 18 1 15 19 14 16 4 9 10
47: 5 13 17 16 18 12 20 8 10 9
48: 13 16 11 1 17 3 15 9 18
49: 8 15 7 11 12 2 14 17 13 9 19 16 18
50: 18 10 6 13 3 17
51: 11 12 15 8 4 19 2 7 1 16 9 20 10
52: 16 20 2 8 5 13 19 15 14 6 17 18 11 7
53: 14 5 18 17 10 11 8 13 6 19
54: 19 16 9 7 12 2 5 17
55: 11 15 19 3 18 7 8 2 5
56: 19 8 12 1 5 10 15 20
57: 10 19 20 13 15 12 7 16 2 17 18 6 1 8 11
58: 19 16 14 17 18 15 20 11 12
59: 10 15 7 16 19 17 9 14 2 13 11 8 20
60: 12 9 16 18 6
61: 20 11 12 4 17 18 2 7 5 13 19 15 3 14
62: 20 19 12 2 1 11 17
63: 17 9 11 13 8 16 3 6 1 12 19
64: 19 20 14 16 13 11 1 12 17 9 4
65: 18 15 8 2 17 7 11 9 19 16
66: 19 7 12 8 10 15 6 20
67: 14 9 11 17 15 18 5 20 7 19 2 16 6 1
68: 14 11 13 19 20 5 8 15 12 16 7 6 3 10 4
69: 14 12 7 10 20 16 17 8
70: 10 9 16 15 19
71: 17 18 15 14 9 19 3 6 13 20 12 10 16 11
72: 17 19 10 7 15 11 9 20 8 5 6 18 16
73: 20 4 10 14 15 18 16
74: 14 13 16 18 11
75: 1 19 11 17 2 15
76: 10 2 14 20 8 3 15 18
77: 14 8 11 18 19 5 12 1 15 20 13 2 3 9 16
78: 15 4 9 10 7 14 20 17 16 8 6 18
79: 5 17 18 11 13 20 14 8 10 3 12 19 6 15 2
80: 13 19 20 4 17 11 16 3 15 7 18 12 6
81: 20 12 9 18 11 5 19 8
82: 6 14 12 20 18 1 13 15 11 19 3 10 16 17 7
83: 14 17 19 16 7 4 12 9 2 18 15 3 10 5
84: 20 16 8 18 11 14 7 12 9 17 13 4 10 6
85: 9 11 16 14 15 20 17
86: 13 20 10 19 15 7 8 18 16 14 2 5 11 9 12
87: 4 20 11 16 19 14 18 2 3 12
88: 18 17 11 14 9 20 12 3 19 8 6 13
89: 17 16 3 7 19 15 14
90: 1 16 19 18 14 17 15 13 3
91: 4 11 13 16 15 9 12 10 18 1 6 7
92: 3 20 18 19 11 9
93: 9 18 19 7 6 14 4 2 8
94: 20 5 14 11 19 6 9 18 4 15 2 12 7 17 3
95: 8 7 12 9 16 11 14 19 6 15
96: 6 15 4 9 16 18 19 20 13 1
97: 8 16 5 17 4 19
98: 16 15 5 8 19 11 14 6 20 2 10 12 4 7
99: 12 18 19 14 7 16 13 9 10 17 4 2 11 8 20
100: 18 15 20 17 19 14 5 11 16 4 9 6 10 13
1: 1: 39 22 75 96 63 31 51 67 56 64 77 90 23 91 62 27 14 57 25 13 10 35 82 33 6 46 48 43
2: 1: 65 86 9 87 54 94 98 67 62 37 83 61 23 93 77 99 59 38 51 57 16 30 27 3 31 76 49 21 55 79 34 22 52 28 7 75 13 12 4
3: 1: 68 94 92 3 89 88 87 79 35 82 80 25 83 48 90 55 6 10 13 26 16 71 23 32 21 40 38 50 61 8 76 63 18 77 29
4: 1: 80 64 98 73 3 97 27 12 94 46 84 61 16 29 21 100 93 96 78 34 83 33 68 39 44 87 99 91 51 23 22
5: 1: 18 72 61 25 68 21 100 20 34 67 81 31 98 94 12 77 33 83 55 28 37 97 47 86 52 54 10 56 22 27 43 79 29 53 26 11 16
6: 1: 45 20 43 100 93 16 98 34 60 21 91 39 63 95 50 78 71 52 10 32 84 68 25 80 57 38 96 5 88 29 28 6 7 94 18 36 82 27 42 22 79 30 44 72 24 67 53 12 66
7: 1: 61 67 24 2 93 68 32 98 99 78 72 28 44 94 55 91 12 26 35 65 51 80 95 59 10 21 57 89 86 83 1 54 22 16 31 39 66 43 33 69 52 49 82 37 84 40
8: 1: 57 78 79 53 56 84 49 24 97 99 95 45 93 9 35 22 59 98 44 21 12 69 72 14 88 81 76 51 13 66 20 65 17 77 18 86 52 47 7 10 43 55 32 31 42 68 63
9: 1: 24 60 84 48 59 40 93 51 99 88 31 27 78 10 86 92 85 77 22 47 1 25 83 94 64 96 95 18 54 15 70 2 100 16 67 13 49 63 39 36 46 34 44 41 12 38 71 72 19 91 14 23 65 81 29 26
10: 1: 91 51 44 83 56 71 100 98 31 72 86 79 66 21 37 59 47 84 29 69 27 4 57 43 78 39 76 68 13 3 73 70 24 53 35 40 18 99 38 17 46 12 22 32 16 50 82 7 26 15 11
11: 1: 88 71 58 92 55 94 62 79 39 84 23 53 87 74 77 75 10 99 59 19 68 2 82 52 61 65 38 63 51 85 80 33 28 67 42 91 49 12 98 45 64 95 48 8 57 35 7 17 37 40 72 100 6 21 13 15 86 81 16 26 27 25
12: 1: 94 35 69 57 99 47 45 77 8 68 87 58 61 36 83 56 34 81 64 60 44 42 18 40 49 54 21 98 91 82 31 13 88 19 6 63 22 15 79 41 71 20 86 33 39 2 95 5 27 80 16 84 43 12 24 62 51 66 4 25
13: 1: 90 25 100 99 91 77 82 57 20 10 37 63 24 71 22 80 74 49 53 13 84 64 23 16 50 2 27 18 79 21 15 40 59 52 48 68 35 43 44 61 86 47 8 17 29 88 6 30 4 96
14: 1: 68 77 35 84 98 79 36 44 95 74 53 39 88 100 82 71 69 90 40 85 45 38 73 94 22 61 34 41 87 59 29 19 67 86 27 58 14 2 33 89 12 64 78 42 7 76 1 52 49 21 24 5 6 99 46 25 93 18 37 83
15: 1: 94 68 95 38 24 12 73 30 19 58 79 71 66 91 85 100 7 80 78 59 48 13 56 77 65 86 90 35 6 61 89 18 37 33 20 82 96 98 43 83 40 51 75 55 76 67 72 17 46 70 44 2 31 5 25 52 1 57 49 23 22
16: 1: 28 42 98 25 65 69 59 48 26 95 85 6 100 99 49 44 32 47 34 51 89 83 52 35 63 73 96 20 60 27 13 82 97 57 41 14 68 86 37 71 24 74 58 67 80 12 54 11 21 87 2 77 72 39 90 16 64 1 3 38 33 84 78 46 31 19 22 15 40 91 23 70
17: 1: 88 65 20 27 97 12 61 35 78 84 44 67 28 36 99 90 72 14 38 79 48 89 58 47 9 83 10 71 49 2 64 29 63 37 80 69 25 94 75 39 13 82 18 52 62 85 50 59 100 33 5 24 32 11 57 42 53 54 45
18: 1: 77 78 94 74 91 96 73 76 92 14 35 55 9 50 60 52 61 47 58 5 79 84 83 4 38 45 100 86 93 48 44 71 57 17 72 65 7 42 90 81 30 49 80 87 37 26 29 13 82 24 6 2 16 28 19 67 15 99 88 46 27 34 23 36 20 10 18 43 53 21 1 25
19: 1: 95 34 98 20 57 17 11 72 27 30 63 77 65 61 89 83 86 79 23 43 52 35 62 39 81 37 59 82 70 96 53 92 54 100 87 44 68 56 58 90 93 64 42 97 31 24 38 51 99 29 8 55 22 9 5 94 13 75 49 46 16 6 18 66 67 19 28 88 26 71 33 80 45
20: 1: 44 29 66 52 87 100 23 72 31 94 80 51 73 14 64 9 47 61 6 86 56 62 71 69 77 84 78 96 40 98 42 99 92 58 85 26 39 35 79 76 67 81 82 21 43 16 68 19 88 34 25 57 59 12 1 33 2 38 41
